0 12 13 14 15 16 17 18 19 110 111 112 113 114 115 116 117 118 119 120
21 22 23 24 25 26 27 28 29 210 211 212 213 214 215 216 217 218 219 220
31 32 33 34 35 36 37 38 39 310 311 312 313 314 315 316 317 318 319 320
41 42 43 44 45 46 47 48 49 410 411 412 413 414 415 416 417 418 419 420
51 52 53 54 55 56 57 58 59 510 511 512 513 514 515 516 517 518 519 520
61 62 63 64 65 66 67 68 69 610 611 612 613 614 615 616 617 618 619 620
71 72 73 74 75 76 77 78 79 710 711 712 713 714 715 716 717 718 719 720
81 82 83 84 85 86 87 88 89 810 811 812 813 814 815 816 817 818 819 820
91 92 93 94 95 96 97 98 99 910 911 912 913 914 915 916 917 918 919 920
101 102 103 104 105 106 107 108 109 1010 1011 1012 1013 1014 1015 1016 1017 1018 1019 1020
111 112 113 114 115 116 117 118 119 1110 1111 1112 1113 1114 1115 1116 1117 1118 1119 1120
121 122 123 124 125 126 127 128 129 1210 1211 1212 1213 1214 1215 1216 1217 1218 1219 1220
131 132 133 134 135 136 137 138 139 1310 1311 1312 1313 1314 1315 1316 1317 1318 1319 1320
141 142 143 144 145 146 147 148 149 1410 1411 1412 1413 1414 1415 1416 1417 1418 1419 1420
151 152 153 154 155 156 157 158 159 1510 1511 1512 1513 1514 1515 1516 1517 1518 1519 1520
161 162 163 164 165 166 167 168 169 1610 1611 1612 1613 1614 1615 1616 1617 1618 1619 1620
171 172 173 174 175 176 177 178 179 1710 1711 1712 1713 1714 1715 1716 1717 1718 1719 1720
181 182 183 184 185 186 187 188 189 1810 1811 1812 1813 1814 1815 1816 1817 1818 1819 1820
191 192 193 194 195 196 197 198 199 1910 1911 1912 1913 1914 1915 1916 1917 1918 1919 1920
201 202 203 204 205 206 207 208 209 2010 2011 2012 2013 2014 2015 2016 2017 2018 2019 0
