0 21 11 41 51 61 71 81 91 101 111 121
32 22 12 42 52 62 72 82 92 102 112 122
33 23 13 43 53 63 73 83 93 103 113 123
34 24 14 44 54 64 74 84 94 104 114 124
35 25 15 45 55 65 75 85 95 105 115 125
36 26 16 46 56 66 76 86 96 106 116 126
37 27 17 47 57 67 77 87 97 107 117 127
38 28 18 48 58 68 78 88 98 108 118 128
39 29 19 49 59 69 79 89 99 109 119 129
310 210 110 410 510 610 710 810 910 1010 1110 1210
311 211 111 411 511 611 711 811 911 1011 1111 1211
312 212 112 412 512 612 712 812 912 1012 1112 0
